
# Q1

s1 <- c(15 , 26 , 20 , 20 , 29 , 28 , 21 , 26)
s2 <- c(19 , 15 , 10 , 26 , 11 , 20 , 13 , 15 , 18)
s3 <- c(22 , 26 , 24 , 26 , 15 , 17 , 24)
dataf <- data.frame(amount=c(s1,s2,s3),
      site=as.factor(c(rep('s1',8),rep('s2',9),rep('s3',7))))



# Q2




# Q3





